a255: 2, 46.452345, -123.2345234
a255: 2, 46.452345, -123.2345234
a255: 2, 46.452345, -123.2345234
a255: 2, 46.452345, -123.2345234
